Landings (tonnes) ple 4 incl SK and VIId; JJP 2017: IV+IIIa 
1       1
1957    2020
1       15
5
70563
73354
79300
87541
85984
87472
107118
110540
97143
101834
108819
111534
121651
130342
113944
122843
130429
112540
108536
113670
119188
113984
145347
140764
141233
156153
145779
165772
171838
178878
168759
168552
178891
169453
157277
136727
128506
121925
109348
91386
92958
79810
89726
90754
92912
79178
74722
70511
62796
67143
58576
58336
62360
70340
76507
82018
86222
80686
85360
92744
74928
57800
48742
40888

